MeshVersionFormatted 1

Dimension
3

Vertices 123
-0.94631600181444053 1.5311714550336719 0 0
0.94631600181444053 1.5311714550336719 0 0
0 0.94631600181444053 1.5311714550336719 0
-1.5311714550336719 0 0.94631600181444053 0
-1.5311714550336719 0 -0.94631600181444053 0
0 0.94631600181444053 -1.5311714550336719 0
1.5311714550336719 0 0.94631600181444053 0
0 -0.94631600181444053 1.5311714550336719 0
-0.94631600181444053 -1.5311714550336719 0 0
0 -0.94631600181444053 -1.5311714550336719 0
1.5311714550336719 0 -0.94631600181444053 0
0.94631600181444053 -1.5311714550336719 0 0
-5.2573111211913357 8.5065080835203997 0 0
5.2573111211913357 8.5065080835203997 0 0
0 5.2573111211913357 8.5065080835203997 0
-8.5065080835203997 0 5.2573111211913357 0
-8.5065080835203997 0 -5.2573111211913357 0
0 5.2573111211913357 -8.5065080835203997 0
8.5065080835203997 0 5.2573111211913357 0
0 -5.2573111211913357 8.5065080835203997 0
-5.2573111211913357 -8.5065080835203997 0 0
0 -5.2573111211913357 -8.5065080835203997 0
8.5065080835203997 0 -5.2573111211913357 0
5.2573111211913357 -8.5065080835203997 0 0
-6.8819096023558677 -4.2532540417601998 -2.6286555605956679 0
-2.6286555605956679 6.8819096023558677 -4.2532540417601998 0
2.6286555605956679 -6.8819096023558677 -4.2532540417601998 0
0 8.5065080835203997 0 0
0 0 -8.5065080835203997 0
-6.8819096023558677 4.2532540417601998 2.6286555605956679 0
4.2532540417601998 2.6286555605956679 6.8819096023558677 0
-8.5065080835203997 0 0 0
-4.2532540417601998 -2.6286555605956679 6.8819096023558677 0
6.8819096023558677 -4.2532540417601998 2.6286555605956679 0
2.6286555605956679 -6.8819096023558677 4.2532540417601998 0
-6.8819096023558677 4.2532540417601998 -2.6286555605956679 0
-2.6286555605956679 -6.8819096023558677 -4.2532540417601998 0
4.2532540417601998 2.6286555605956679 -6.8819096023558677 0
4.2532540417601998 -2.6286555605956679 6.8819096023558677 0
4.5879397349039124 -4.5879397349039124 4.5879397349039115 0
-7.423442429410712 2.8355026945067996 0 0
-4.2532540417601998 2.6286555605956679 -6.8819096023558677 0
-2.6286555605956679 -6.8819096023558677 4.2532540417601998 0
6.8819096023558677 4.2532540417601998 -2.6286555605956679 0
2.6286555605956679 6.8819096023558677 -4.2532540417601998 0
-6.8819096023558677 -4.2532540417601998 2.6286555605956679 0
4.5879397349039124 4.5879397349039124 -4.5879397349039115 0
4.2532540417601998 -2.6286555605956679 -6.8819096023558677 0
-7.423442429410712 -2.8355026945068 0 0
8.5065080835203997 0 0 0
6.8819096023558677 -4.2532540417601998 -2.6286555605956679 0
2.6286555605956679 6.8819096023558677 4.2532540417601998 0
6.8819096023558677 4.2532540417601998 2.6286555605956679 0
-4.142349076512172 -2.3945357945431747 -1.3143277802978348 0
1.7478132819689955 -3.874440302849095 2.5601125225512593 0
-8.5065080835203997 0 2.6286555605956679 0
0 -8.5065080835203997 0 0
2.6539877779452286 2.6539877779452294 -2.6539877779452281 0
-5.1329579064905442 0.33601697629235133 1.3143277802978339 0
-1.8217715399299261 -3.8287315856805066 2.5883620633436033 0
7.423442429410712 2.8355026945067996 0 0
0 0 8.5065080835203997 0
4.9546483170944366 0.26790877366307697 0 0
-3.304133364410363 -2.0216753393235489 1.2290726906748344 0
4.5879397349039124 4.5879397349039124 4.5879397349039115 0
3.9429833408935018 7.6942088429381332 2.1266270208800999 0
-2.6286555605956679 6.8819096023558677 4.2532540417601998 0
0 -7.423442429410712 -2.8355026945067996 0
-4.2532540417601998 2.6286555605956679 6.8819096023558677 0
2.8355026945067996 0 7.423442429410712 0
0.26790877366307697 0 4.9546483170944375 0
2.6539877779452286 2.6539877779452294 2.6539877779452281 0
-4.2532540417601998 -2.6286555605956679 -6.8819096023558677 0
6.0696103617736021 6.3798810626402993 -1.3143277802978339 0
-4.5879397349039124 4.5879397349039124 4.5879397349039115 0
-6.0696103617736021 6.3798810626402993 1.3143277802978339 0
-2.8355026945067996 0 -7.423442429410712 0
-2.1266270208800999 -3.9429833408935018 -7.6942088429381332 0
-2.1266270208800999 3.9429833408935018 -7.6942088429381332 0
-4.5879397349039124 4.5879397349039124 -4.5879397349039115 0
2.8355026945067996 0 -7.423442429410712 0
2.1266270208800999 -3.9429833408935018 -7.6942088429381332 0
-3.9429833408935018 7.6942088429381332 -2.1266270208800999 0
-3.7128048857307667 3.6506175340945268 0.98352807651732155 0
0 7.423442429410712 2.8355026945068 0
0 7.423442429410712 -2.8355026945068 0
3.8287315856805058 -2.5883620633436033 -1.8217715399299268 0
0 4.9546483170944384 0.26790877366307697 0
1.3143277802978339 6.0696103617736021 -6.3798810626402993 0
2.1266270208800999 3.9429833408935018 -7.6942088429381332 0
2.0469993003565214 -1.2651151425675868 3.3121144429241092 0
-2.3596542034119632 -1.2535469365392664 -4.1493733564152357 0
-1.7897191530032712 3.8180007028171161 -2.5644537662778468 0
0.76016647548735294 0 -4.7177620560952089 0
-1.2535469365392702 -4.1493733564152357 -2.3596542034119645 0
-2.5684950678082688 1.828729692703529 3.7654605884280539 0
-1.1945919262158049 3.2964980989411758 1.9974486430336889 0
-7.6942088429381332 2.1266270208800999 3.9429833408935018 0
4.4408920985006262e-16 -4.2719698879862671 0.26552878642419975 0
3.88984044889638 -2.2889267750348274 1.1689106996036611 0
0.26214434098974432 3.2357329639788857 -5.0735118015461724 0
-2.7265111069539398 -4.3820119079556932 -0.052421965404226445 0
0.50903269100571225 3.3892371152604941 -1.6091728865232156 0
1.9881908539204483 -1.3602146941881055 -3.0042776244920102 0
3.9429833408935018 7.6942088429381332 -2.1266270208800999 0
0.054104399601166087 -2.8410647077344642 -4.630377619246576 0
-1.9989846045684696 -1.0316293435806019 3.564198296042866 0
-2.0163310478054246 1.2461611201154423 -3.2624921679208643 0
1.3143277802978339 6.0696103617736021 6.3798810626402993 0
6.3798810626402993 1.3143277802978339 -6.0696103617736021 0
-0.0086076374048205118 -2.7808130188051283 4.426684710981819 0
3.5658911257875761 0.80042301378397407 -4.7144510090133913 0
4.5879397349039124 -4.5879397349039124 -4.5879397349039115 0
3.0106333993501684 -5.0211518382875227 -0.050522120900512446 0
-2.8355026945067996 0 7.423442429410712 0
0 -7.423442429410712 2.8355026945067996 0
-3.454666523343334 1.4437625506442009 -0.20095554740394417 0
7.6942088429381332 -2.1266270208800999 3.9429833408935018 0
0.68163455635650927 -3.1435535161810049 -1.6220039214616795 0
6.3798810626402993 1.3143277802978339 6.0696103617736021 0
-7.6942088429381332 2.1266270208800999 -3.9429833408935018 0
3.5609850147237467 0.39375885267611382 -2.285048836744203 0
7.6942088429381332 -2.1266270208800999 -3.9429833408935018 0

Tetrahedra 462
6 58 101 103 1
17 54 92 121 1
14 53 66 74 1
46 49 56 59 1
72 85 88 97 1
30 41 59 98 1
27 82 106 113 1
88 58 103 105 1
23 63 122 123 1
60 9 99 102 1
54 32 59 117 1
53 65 72 120 1
6 10 94 104 1
9 12 99 119 1
86 88 93 103 1
15 71 96 109 1
54 9 64 102 1
94 48 104 106 1
54 17 32 121 1
15 115 71 62 1
84 36 93 117 1
44 47 58 74 1
29 18 79 90 1
47 44 58 112 1
81 48 110 112 1
55 8 60 111 1
12 11 87 104 1
71 96 107 115 1
49 54 64 102 1
93 42 101 108 1
29 78 82 106 1
63 87 122 123 1
3 71 96 107 1
48 87 113 123 1
39 40 91 118 1
3 8 71 107 1
67 15 96 109 1
2 3 72 97 1
6 2 58 103 1
58 94 101 112 1
58 44 61 63 1
2 11 6 58 1
6 93 103 108 1
58 72 88 103 1
10 95 106 119 1
4 3 96 107 1
77 73 78 92 1
11 2 63 122 1
68 99 114 119 1
72 52 97 109 1
68 57 99 102 1
42 17 92 121 1
86 93 101 103 1
33 43 46 60 1
91 39 118 120 1
31 70 91 120 1
32 41 56 59 1
76 36 83 84 1
81 38 101 112 1
10 94 104 106 1
46 33 60 64 1
8 9 60 64 1
12 55 99 114 1
95 27 106 119 1
63 91 100 120 1
87 48 104 112 1
65 52 72 109 1
60 55 111 116 1
7 63 91 100 1
67 84 88 97 1
12 87 114 119 1
6 1 2 103 1
71 3 72 91 1
68 95 99 119 1
39 70 91 111 1
61 58 72 74 1
40 39 91 111 1
107 33 111 115 1
87 51 113 123 1
85 67 97 109 1
56 16 59 98 1
68 21 57 102 1
9 8 60 99 1
75 30 96 98 1
43 21 46 102 1
10 54 92 95 1
1 2 88 97 1
8 55 91 111 1
16 33 46 59 1
54 5 108 117 1
52 66 72 88 1
86 28 88 105 1
49 32 56 59 1
53 61 63 72 1
44 47 110 112 1
6 1 93 108 1
50 51 63 123 1
71 3 96 97 1
63 11 87 100 1
65 52 66 72 1
75 67 96 97 1
83 86 88 93 1
29 77 94 101 1
72 31 91 120 1
53 61 72 74 1
95 68 99 102 1
37 78 95 106 1
46 25 49 102 1
58 2 63 72 1
79 18 89 101 1
23 50 63 123 1
7 2 3 72 1
57 68 99 114 1
87 104 113 119 1
2 11 58 122 1
9 60 64 102 1
70 39 91 120 1
36 83 84 93 1
48 81 94 112 1
40 55 91 100 1
17 49 54 32 1
69 75 96 98 1
58 72 74 88 1
83 13 84 88 1
66 53 72 74 1
66 14 74 105 1
32 41 117 121 1
67 75 84 97 1
65 31 72 120 1
33 60 64 107 1
55 12 100 114 1
54 73 92 95 1
108 54 117 121 1
16 46 56 59 1
58 2 72 103 1
53 65 66 72 1
104 106 113 119 1
67 69 75 96 1
41 56 59 98 1
11 6 94 104 1
38 58 101 112 1
28 66 88 105 1
67 96 97 109 1
49 54 32 59 1
88 1 93 103 1
21 116 57 102 1
60 43 102 116 1
7 63 72 91 1
9 5 54 64 1
4 59 64 107 1
33 46 59 64 1
78 22 82 106 1
2 7 63 72 1
74 58 88 105 1
46 49 59 64 1
47 38 110 112 1
41 30 59 84 1
81 48 94 106 1
44 58 61 74 1
1 6 93 103 1
17 49 25 54 1
15 31 71 109 1
45 86 101 103 1
5 10 9 54 1
9 8 4 64 1
50 63 100 118 1
71 72 97 109 1
112 110 122 123 1
38 47 58 112 1
13 67 84 88 1
52 72 85 88 1
55 60 99 116 1
5 54 64 117 1
8 55 60 99 1
84 1 88 97 1
60 8 107 111 1
43 46 60 102 1
94 6 101 108 1
32 41 59 117 1
5 9 4 64 1
3 7 72 91 1
28 14 66 105 1
2 72 88 97 1
55 40 91 111 1
12 7 91 100 1
31 70 71 72 1
80 26 93 101 1
11 87 104 122 1
72 2 88 103 1
66 74 88 105 1
9 54 95 102 1
1 84 93 117 1
49 54 59 64 1
1 93 108 117 1
30 59 96 98 1
91 40 100 118 1
72 52 85 97 1
87 112 122 123 1
73 78 92 95 1
75 30 84 96 1
19 61 50 63 1
10 9 95 119 1
61 19 53 63 1
61 23 50 63 1
7 11 2 63 1
6 58 94 101 1
79 29 90 101 1
5 10 54 92 1
40 34 100 118 1
23 61 44 63 1
33 59 96 107 1
1 3 2 97 1
35 43 111 116 1
48 87 104 113 1
58 45 103 105 1
61 58 63 72 1
18 26 79 89 1
8 12 7 91 1
42 80 93 101 1
1 84 88 93 1
77 92 94 108 1
1 4 3 97 1
36 108 117 121 1
3 71 72 97 1
42 92 108 121 1
10 6 94 108 1
3 4 96 97 1
50 19 63 118 1
15 70 62 71 1
16 33 59 96 1
15 115 69 71 1
70 15 31 71 1
63 51 87 123 1
5 10 92 108 1
77 94 101 108 1
84 75 96 97 1
37 25 54 73 1
110 23 122 123 1
25 17 54 73 1
11 12 87 100 1
85 67 88 97 1
67 15 69 96 1
92 54 108 121 1
17 54 73 92 1
29 81 94 106 1
69 15 71 96 1
8 7 3 91 1
99 12 114 119 1
92 10 95 106 1
25 37 54 102 1
70 71 72 91 1
87 51 100 114 1
84 83 88 93 1
71 8 91 111 1
63 53 72 120 1
13 76 83 84 1
10 92 94 106 1
46 49 64 102 1
72 66 74 88 1
8 3 71 91 1
31 70 72 91 1
12 8 55 91 1
100 91 118 120 1
54 5 92 108 1
35 40 55 111 1
31 65 72 109 1
41 36 84 117 1
22 29 78 82 1
54 59 64 117 1
36 13 76 83 1
26 79 89 101 1
70 62 71 111 1
59 33 64 107 1
37 68 95 102 1
75 30 76 84 1
67 75 76 84 1
30 41 76 84 1
13 67 76 84 1
41 36 76 84 1
45 86 103 105 1
101 6 103 108 1
21 25 46 102 1
87 12 104 119 1
92 10 94 108 1
24 116 114 57 1
18 79 90 101 1
71 31 72 109 1
93 101 103 108 1
20 115 111 33 1
69 33 96 115 1
43 60 111 116 1
47 45 58 105 1
63 72 91 120 1
86 88 103 105 1
8 4 64 107 1
51 63 87 100 1
55 12 91 100 1
28 66 85 88 1
85 13 28 88 1
16 69 96 98 1
66 52 85 88 1
28 83 86 88 1
28 13 83 88 1
13 85 67 88 1
48 94 104 112 1
78 92 95 106 1
82 48 106 113 1
12 87 100 114 1
19 53 63 120 1
71 69 96 115 1
42 73 77 92 1
94 81 101 112 1
42 17 73 92 1
30 59 84 96 1
96 71 97 109 1
71 107 111 115 1
52 85 97 109 1
80 26 83 93 1
48 104 106 113 1
83 26 86 93 1
21 68 37 102 1
36 80 83 93 1
60 46 64 102 1
54 37 95 102 1
10 9 54 95 1
54 37 73 95 1
49 25 54 102 1
9 95 99 102 1
25 21 37 102 1
58 45 101 103 1
51 50 63 100 1
99 60 102 116 1
73 37 78 95 1
2 1 88 103 1
55 99 114 116 1
38 81 110 112 1
99 57 114 116 1
59 16 96 98 1
33 16 69 96 1
8 12 55 99 1
81 29 94 101 1
47 58 74 105 1
59 41 84 117 1
55 35 111 116 1
62 71 111 115 1
21 116 102 43 1
4 5 64 117 1
9 12 8 99 1
12 10 104 119 1
7 11 63 100 1
96 33 107 115 1
34 50 51 100 1
87 27 114 119 1
104 10 106 119 1
12 11 7 100 1
26 86 93 101 1
47 38 58 101 1
45 47 58 101 1
59 4 96 107 1
19 63 118 120 1
42 77 79 101 1
42 79 80 101 1
77 29 79 101 1
29 81 90 101 1
89 18 90 101 1
47 89 90 101 1
79 26 80 101 1
81 38 90 101 1
86 26 89 101 1
38 47 90 101 1
47 45 89 101 1
45 86 89 101 1
87 48 112 123 1
87 27 113 114 1
33 43 60 111 1
5 1 108 117 1
35 55 114 116 1
33 60 107 111 1
12 10 11 104 1
11 10 6 104 1
60 8 64 107 1
8 71 107 111 1
70 71 91 111 1
78 77 92 106 1
77 29 94 106 1
92 77 94 106 1
68 37 95 106 1
27 68 95 106 1
22 27 82 106 1
48 81 82 106 1
37 22 78 106 1
81 29 82 106 1
29 77 78 106 1
27 22 37 106 1
27 37 68 106 1
57 99 102 116 1
8 3 4 107 1
80 42 93 108 1
27 87 113 119 1
11 63 87 122 1
34 50 100 118 1
42 77 101 108 1
77 42 92 108 1
2 58 63 122 1
36 80 108 121 1
80 42 108 121 1
41 36 117 121 1
95 9 99 119 1
6 5 1 108 1
6 10 5 108 1
94 11 104 122 1
33 20 43 111 1
20 35 43 111 1
20 115 62 111 1
20 70 39 111 1
35 20 39 111 1
70 20 62 111 1
35 39 40 111 1
51 87 113 114 1
40 35 55 114 1
51 34 100 114 1
40 55 100 114 1
34 40 100 114 1
68 24 27 114 1
24 113 27 114 1
24 116 35 114 1
24 68 57 114 1
113 24 51 114 1
40 24 35 114 1
24 34 51 114 1
24 40 34 114 1
59 4 64 117 1
59 84 96 117 1
4 59 96 117 1
84 1 97 117 1
1 4 97 117 1
58 94 112 122 1
58 44 63 122 1
104 87 112 122 1
80 36 108 117 1
36 80 93 117 1
93 80 108 117 1
96 84 97 117 1
4 96 97 117 1
4 1 5 117 1
44 58 112 122 1
94 104 112 122 1
106 27 113 119 1
27 68 114 119 1
68 27 95 119 1
9 10 12 119 1
63 100 118 120 1
39 19 118 120 1
54 32 117 121 1
6 11 94 122 1
11 6 58 122 1
58 6 94 122 1
110 44 112 122 1
44 23 63 122 1
23 44 110 122 1
48 110 112 123 1
48 23 110 123 1

Triangles 150
44 61 74 1
48 82 113 1
35 39 40 1
35 20 39 1
57 21 116 1
28 66 85 1
36 13 76 1
81 38 90 1
36 41 121 1
40 34 24 1
49 32 56 1
49 17 32 1
85 13 28 1
70 20 62 1
65 52 66 1
23 44 110 1
46 25 49 1
61 19 53 1
33 43 46 1
116 35 24 1
17 42 121 1
18 26 79 1
16 46 56 1
86 45 105 1
80 36 121 1
27 22 37 1
61 23 50 1
67 69 75 1
14 28 105 1
46 49 56 1
27 37 68 1
47 44 74 1
20 35 43 1
68 21 57 1
113 51 123 1
65 53 120 1
75 30 76 1
49 25 17 1
75 69 98 1
43 35 116 1
42 17 73 1
40 24 35 1
42 79 80 1
70 39 20 1
82 27 113 1
16 33 46 1
113 24 51 1
25 21 37 1
21 25 46 1
30 75 98 1
50 23 123 1
53 19 120 1
48 23 110 1
53 14 74 1
43 21 46 1
23 48 123 1
28 86 105 1
51 50 123 1
33 20 43 1
24 34 51 1
32 41 56 1
42 73 77 1
61 44 23 1
31 15 109 1
26 18 89 1
57 24 68 1
113 27 24 1
80 26 83 1
38 47 90 1
28 83 86 1
68 24 27 1
42 80 121 1
115 20 33 1
34 50 51 1
115 15 62 1
77 73 78 1
61 50 19 1
33 16 69 1
70 15 31 1
85 52 109 1
67 85 109 1
68 37 21 1
42 77 79 1
62 20 115 1
62 15 70 1
61 53 74 1
89 18 90 1
28 14 66 1
53 65 66 1
14 53 66 1
67 13 85 1
15 67 109 1
74 14 105 1
116 24 57 1
69 15 115 1
73 37 78 1
67 15 69 1
66 52 85 1
79 26 80 1
17 25 73 1
25 37 73 1
81 48 110 1
38 81 110 1
13 67 76 1
67 75 76 1
30 41 76 1
41 36 76 1
37 22 78 1
29 77 78 1
22 29 78 1
29 18 79 1
77 29 79 1
48 81 82 1
28 13 83 1
33 69 115 1
22 27 82 1
81 29 82 1
29 22 82 1
13 36 83 1
36 80 83 1
83 26 86 1
47 89 90 1
16 56 98 1
45 86 89 1
86 26 89 1
47 45 89 1
69 16 98 1
18 29 90 1
29 81 90 1
56 41 98 1
41 30 98 1
47 74 105 1
45 47 105 1
65 31 109 1
52 65 109 1
47 38 110 1
44 47 110 1
116 21 43 1
19 50 118 1
50 34 118 1
19 39 120 1
39 19 118 1
40 39 118 1
34 40 118 1
31 65 120 1
39 70 120 1
70 31 120 1
41 32 121 1
32 17 121 1
48 113 123 1

End
